# 2-site density raw hardware counts  backend=rigetti:cepheus-1-108q  2026-09-25T08:44:41
# npos=2 N=4 mass=0.8 k0=0.000000 sigma=1.0 shots=2000 tmax=4
# density layout: site x = high bits, spinor c = low 2 bits

[density_t=0] shots=2000 nbits=4
  0000  81
  0010  1
  0100  431
  0101  18
  0110  5
  1000  1007
  1001  23
  1010  8
  1100  412
  1101  10
  1110  4
  rho_hw(x) = 0.0410 0.2270 0.5190 0.2130

[density_t=1] shots=2000 nbits=4
  0000  233
  0001  24
  0010  33
  0011  158
  0100  84
  0101  25
  0110  19
  0111  57
  1000  223
  1001  35
  1010  27
  1011  169
  1100  440
  1101  39
  1110  43
  1111  391
  rho_hw(x) = 0.2240 0.0925 0.2270 0.4565

[density_t=2] shots=2000 nbits=4
  0000  185
  0001  58
  0010  48
  0011  331
  0100  64
  0101  50
  0110  28
  0111  350
  1000  140
  1001  51
  1010  43
  1011  218
  1100  65
  1101  42
  1110  36
  1111  291
  rho_hw(x) = 0.3110 0.2460 0.2260 0.2170

[density_t=3] shots=2000 nbits=4
  0000  179
  0001  35
  0010  47
  0011  224
  0100  220
  0101  62
  0110  54
  0111  333
  1000  172
  1001  41
  1010  36
  1011  189
  1100  173
  1101  45
  1110  35
  1111  155
  rho_hw(x) = 0.2425 0.3345 0.2190 0.2040

[density_t=4] shots=2000 nbits=4
  0000  550
  0001  62
  0010  61
  0011  67
  0100  282
  0101  32
  0110  42
  0111  47
  1000  207
  1001  46
  1010  54
  1011  80
  1100  317
  1101  37
  1110  58
  1111  58
  rho_hw(x) = 0.3700 0.2015 0.1935 0.2350
