# 2-site density raw hardware counts  backend=rigetti:cepheus-1-108q  2026-09-24T14:42:21
# npos=2 N=4 mass=0.8 k0=0.000000 sigma=1.0 shots=2000 tmax=4
# density layout: site x = high bits, spinor c = low 2 bits

[density_t=0] shots=2000 nbits=4
  0000  90
  0001  3
  0100  390
  0101  9
  0110  4
  1000  1025
  1001  29
  1010  4
  1100  425
  1101  16
  1110  5
  rho_hw(x) = 0.0465 0.2015 0.5290 0.2230

[density_t=1] shots=2000 nbits=4
  0000  318
  0001  68
  0010  54
  0011  256
  0100  7
  0101  1
  0111  7
  1000  589
  1001  76
  1010  87
  1011  527
  1100  8
  1101  1
  1111  1
  rho_hw(x) = 0.3480 0.0075 0.6395 0.0050

[density_t=2] shots=2000 nbits=4
  0000  396
  0001  66
  0010  82
  0011  456
  0100  10
  0101  1
  0110  1
  0111  6
  1000  385
  1001  58
  1010  70
  1011  454
  1100  2
  1110  2
  1111  11
  rho_hw(x) = 0.5000 0.0090 0.4835 0.0075

[density_t=3] shots=2000 nbits=4
  0000  422
  0001  64
  0010  92
  0011  341
  0100  3
  0101  1
  0110  2
  0111  3
  1000  294
  1001  93
  1010  95
  1011  587
  1111  3
  rho_hw(x) = 0.4595 0.0045 0.5345 0.0015

[density_t=4] shots=2000 nbits=4
  0000  628
  0001  87
  0010  83
  0011  247
  0100  7
  0101  1
  0110  1
  0111  4
  1000  545
  1001  91
  1010  93
  1011  203
  1100  7
  1101  2
  1111  1
  rho_hw(x) = 0.5225 0.0065 0.4660 0.0050
